高等数学-I 		5.5	1	1	2	0
大学英语(综合） 		4	2	3	4	1
线性代数 			3	3	1	2	2
C语言 			3.5	4	5	6	3
中国近代史 		3	5	3	4	4
健美-1 			1	1	3	4	5
大学物理-I 		4 	2	5	6	6
C语言课设 		1.5	3	5	8	7
电路分析 			2	4	1	2	8
面向对象程序设计 		2.5	5	5	6	9
高等数学-II 		5.5	2	5	6	10
思想道德与法治		3	2	3	4	11
健美-2			1	1	3	4	12
大学物理Ⅰ-2		3.5	5	1	2	13
毛泽东思想		3	1	1	2	14
游泳-1			1	1	3	4	15
概率论与数理统计（工）	3	3	1	2	16
游泳-2			1	1	3	4	17
马克思主义基本原理		3	4	3	4	18
集合与图论		2.5	4	7	8	19
数字逻辑Ⅰ		3	5	7	8	20
模拟电子技术		2	1	5	6	21
数据结构与算法		3.5	5	1	2	22
代数与逻辑		2	3	3	4	23
计算机组成原理		3	5	7	8	24
操作系统原理		3	5	9	10	25
数据库原理		3	3	1	2	26
计算机网络		2.5	2	7	8	27
计算机系统结构Ⅱ		2	1	9	10	28
人工智能导论Ⅰ		2.5	1	7	8	29
编译原理Ⅰ		3.5	5	3	4	30
软件工程引论		2.5	5	1	2	31
物理实验（工）-1		1	3	1	2	32
军事理论			2	1	1	2	33
军事训练			2	2	3	4	34
机械工程训练A		1	1	5	8	35
物理实验（工）-2		1	1	1	2	36
“中国特色社会主义建设”实践	2	2	3	4	37
数字逻辑实验		1	5	5	8	38
计算机组成原理课设		1.5	2	9	12	39
数据结构课设Ⅰ		2	1	5	8	40
计算机硬件类综合性课程设计	2	1	1	2	41
计算机软件类综合性课程设计	2	2	3	4	42
计算机网络综合课设		1.5	5	7	8	43
工作实习			4	5	1	2	44
毕业设计(论文)		8	3	9	12	45
系统软件课设		2	1	1	2	46
嵌入式技术课设		2	2	3	4	47
3D场景建模与远程交互	2	5	5	6	48
面向对象程序设计		2.5	5	7	8	49
模式识别			2	1	3	4	50
数字系统设计（双语）	2	2	7	8	51
数据通信原理（双语）	2	1	9	10	52
计算机图形学		2	5	1	2	53
微型计算机接口技术Ⅲ	2	3	1	2	54
人机交互引论		2	5	1	2	55
算法设计与分析		2	2	1	2	56
数字图像处理		2	5	3	4	57
计算机控制原理与技术	2	2	1	2	58
嵌入式系统设计技术		2	1	7	8	59
软件质量管理与测试		2	2	5	6	60
分布式系统导论（双语）	2	3	3	4	61
TCP/IP协议分析及应用	2	2	7	8	62
多媒体技术		2	4	7	8	63
数字信号处理		2	5	9	10	64
IPv6技术及应用		2	5	1	2	65
Linux操作系统		2	3	1	2	66
数据挖掘			2	5	1	2	67
SOPC设计技术		2	2	1	2	68
机器学习基础		2	3	7	8	69
Python与数据分析		2	3	3	4	70
大数据管理与分析		2	5	7	8	71
并行计算			2	5	9	10	72
新生研讨课		1	4	5	6	73
C++语言程序设计		2	3	1	2	74
认识实习			1	5	1	2	75
汇编语言程序设计		2	3	1	2	76
学术写作课程		1	5	7	8	77
学术前沿课程		1	4	7	8	78
大学英语（高级）		4	2	5	6	79